,title,url
0,"수입차 3위 쟁탈전 열기, 아우디·폭스바겐·볼보 3파전",http://www.sisaweek.com/news/articleView.html?idxno=152695
1,"아우디코리아, 2세대로 거듭난 ‘신형 Q3’ 출시… “Q8 닮은 소형 SUV”",https://www.donga.com/news/article/all/20200520/101138530/2
2,출시 앞둔 아우디 소형 SUV 'Q3'…이름 빼고 다 바꿨다,http://www.edaily.co.kr/news/newspath.asp?newsid=01846646622459400
3,"[시승기] 가성비 '갑' 아우디 Q3, MZ세대 첫 외제차로도 추천",http://www.consumernews.co.kr/news/articleView.html?idxno=626478
4,"아우디 '뉴 Q3', 유로6 디젤엔진 장착… 주행성능·연비 UP",https://news.naver.com/main/read.naver?mode=LSD&mid=sec&sid1=101&oid=011&aid=0002680483
5,"아우디, 프리미엄 컴팩트 SUV '뉴 아우디 Q3' 출시",http://view.asiae.co.kr/news/view.htm?idxno=2015050709043593430
6,"아우디, 부분변경 '뉴 아우디 Q3' 출시…5190~5650만 원",http://www.osen.co.kr/article/G1110145771
7,"‘뉴 아우디 Q3’ 출시, 디자인+성능 업그레이드",http://biz.heraldcorp.com/view.php?ud=20150507000176
8,아우디 'Q3-A6' 작년 코로나 물리친 첨병…2025년까지 전기차 20종 출시,http://www.gpkorea.com/news/articleView.html?idxno=72428
9,"[시승기] ‘아우디 뉴 Q3’, 알았다! 이 세그먼트가 인기인 이유들",http://www.osen.co.kr/article/G1109855562
10,‘뉴 아우디 Q3’타고…드라이브 하실래요?,http://biz.heraldcorp.com/view.php?ud=20150507000599
11,‘아우디 Q3’ 오프로드 특화 에디션 100대 한정 판매,http://www.moneyweek.co.kr/news/mwView.php?type=1&no=2013082611188069226&outlink=1
12,"[시승기] 아우디 콤팩트 SUV ‘Q3’, 깜찍한 외모에 탁월한 연비… 도심서도 ‘굿’",http://www.etoday.co.kr/news/section/newsview.php?idxno=946560
13,"[시승기] 아우디 Q3, 30대 미혼을 유혹하는'쿠페형 SUV'",http://www.hankyung.com/news/app/newsview.php?aid=201208174870g
14,"5천만원대 아우디 'Q3'출시…""자동주차 해볼까""",http://www.mt.co.kr/view/mtview.php?type=1&no=2012052114241408061&outlink=1
15,아우디의 소형 럭셔리 SUV ‘Q3’ 국내 첫 선,http://www.segye.com/Articles/Car/NewCar/Article.asp?aid=20120521020908&subctg1=&subctg2=
16,"[사진]미리보는 아우디 Q3, 눈 속 스파이샷",http://www.moneytoday.co.kr/view/mtview.php?type=1&no=2010120818261364290&outlink=1
17,[리뷰] 전동화의 가치를 품다…’아우디 Q3 45 TFSI e’ & ’아우디Q3 스포츠백 45 TFSI e’,https://hankookilbo.com/News/Read/A2021010113000001777?did=NA
18,BMW·아우디 소형車 공세…고급 수입차 '대중화' 꿈꾼다,http://www.econovill.com/news/articleView.html?idxno=557671
19,상시 사륜구동 시스템 ‘뉴 아우디 Q3’ 출시,http://news.kmib.co.kr/article/view.asp?arcid=0923073130&code=14140000&cp=nv
20,"아우디, PHEV를 품은 Q3·Q3 스포츠백 공개",https://hankookilbo.com/News/Read/A2020121309180002271?did=NA
21,"[사진]아우디 'Q3', 이런 디자인으로 출시된다",http://www.moneytoday.co.kr/view/mtview.php?type=1&no=2011041115424626636&outlink=1
22,드리프트 하는 소형 SUV..아우디 엔진 달고 390마력 파워,http://www.dailycar.co.kr/content/news.html?type=view&autoId=41596
23,"아우디, 소형 SUV ‘Q3’ 플러그인 하이브리드 라인업 추가..특징은?",http://www.dailycar.co.kr/content/news.html?type=view&autoId=38274
24,"[시승]스타일 챙긴 SUV, 아우디 Q3 스포트백",http://autotimes.hankyung.com/apps/news.sub_view?popup=0&nid=06&c1=06&c2=06&c3=00&nkey=202012031923071
25,아우디 Q3 45 TFSI e..소형 SUV에도 불어온 PHEV 바람!,http://www.dailycar.co.kr/content/news.html?type=view&autoId=38330
26,"아우디, A3·Q3 등으로 '아우토니스 2020' 어워드 5관왕 쾌거",http://www.consumernews.co.kr/news/articleView.html?idxno=614492
27,"투싼, 獨 전문지 PHEV 비교 평가서 티구안·Q3 제치고 '1위'",http://www.etnews.com/20211027000099
28,"[시승기] ""경쾌한 달리기 실력"" 아우디 Q3 스포트백의 무기",http://www.newsprime.co.kr/news/article.html?no=516860
29,"[Car Test-Drive] 아우디 ‘더 뉴 아우디 Q3 스포트백 35 TDI’ | 작지만 탄탄한 퍼포먼스, 콤팩트 SUV란 이런 것!",http://news.mk.co.kr/newsRead.php?no=902195&year=2020
30,"[시승기] 경쾌함에 대한 아우디의 제언, 아우디 Q3 스포트백 35 TDI 프리미엄",https://hankookilbo.com/News/Read/A2020082807570005966?did=NA
31,[포춘코리아 JOY RIDE] 더 뉴 아우디 Q3 스포트백 35 TDI,http://www.fortunekorea.co.kr/news/articleView.html?idxno=12754
32,"작아도 아우디는 아우디다, 아우디 Q3",https://www.motortrendkorea.com/sub/view.html?no=4908&cate1Name=NEWCAR
33,[시승기]콤팩트SUV는 어떻게 달려야 하는가..아우디 더뉴 Q3 스포트백,http://news.mt.co.kr/mtview.php?no=2020072418063244156
34,"아우디, ‘더 뉴 아우디 Q3 스포트백 35 TDI’ 출시",http://www.edaily.co.kr/news/newspath.asp?newsid=03102886625806968
35,"아우디, ‘더 뉴 아우디 Q3 스포트백 35 TDI’ 출시",http://www.getnews.co.kr/view.php?ud=2020062915372713086a6b374224_16
36,"""주행성능 1위"" 폴크스바겐·푸조·아우디 제친 기특한 한국차",https://www.joongang.co.kr/article/25018493
37,"아우디, 신형 Q3 디젤 판매개시…'14.7km/l' 고연비 인증",http://www.mediapen.com/news/view/526996
38,"아우디 코리아, 2세대 풀체인지 모델 '더 뉴 Q3' 출시… 어떻게 달라졌나?",http://digitalchosun.dizzo.com/site/data/html_dir/2020/05/20/2020052080177.html
39,"[자동차오늘] 금호타이어, 유럽 시장에 '솔루스 4S HA32' 출시…아우디, 컴팩트 SUV '더 뉴 아우디 Q3' 출시",http://www.sisaon.co.kr/news/articleView.html?idxno=113168
40,"아우디, 소형 SUV 신형 Q3 서울시내서 포착..국내 출시 임박(?)",http://www.dailycar.co.kr/content/news.html?type=view&autoId=36483
41,"압트, 440마력의 아우디 RS Q3 튜닝카 공개",http://www.hankookilbo.com/news/npath/202005181295374196?did=NA
42,아우디 Q3·Q5 출시 임박···SUV 라인업 확대 속도,http://www.ebn.co.kr/news/view/1423261/?sc=naver
43,아우디 컴팩트 SUV Q3 인증 완료···SUV 풀라인업 '고삐',http://www.ebn.co.kr/news/view/1013822/?sc=naver
44,"[단독] ""차량 내부가 흥건히 젖어""…아우디, 지속된 누수에도 원인규명은 '지지부진'",http://www.wolyo.co.kr/news/articleView.html?idxno=119819
45,"아우디, RS Q3 및 RS Q3 스포트백 공개..395마력 파워",http://www.dailycar.co.kr/content/news.html?type=view&autoId=34683
46,아우디 RS Q3· RS Q3 스포츠백…395마력에 가격은?,http://www.thedrive.co.kr/news/newsview.php?ncode=1065596867502694
47,"아우디, 더욱 스포티하고 감각적인 Q3 스포트백 공개",http://www.hankookilbo.com/news/npath/201907281172712497?did=NA
48,"""BMW 'X2' 잡겠다""…아우디, 쿠페형 콤팩트 SUV 'Q3 스포트백' 선봬",http://www.edaily.co.kr/news/newspath.asp?newsid=02361606622558128
49,"아우디, 고성능 SUV Q3 스포츠백 RS 공개 계획..400마력 파워",http://www.dailycar.co.kr/content/news.html?type=view&autoId=34045
50,"아우디, 또 하나의 쿠페형 SUV..Q3 스포트백 ‘포착’",http://www.dailycar.co.kr/content/news.html?type=view&autoId=33432
51,"아우디, 소형 SUV Q3 출시‘임박’..판매 시기는?",http://www.dailycar.co.kr/content/news.html?type=view&autoId=33050
52,"[자동차리콜] 아우디 Q3 35 TDI qe, Sport 차량 제어모듈",http://www.00news.co.kr/news/articleView.html?idxno=59226
53,"""7년 만에 확 바꼈다""…아우디, 올해 'Q3 스포츠백' 출시",http://www.edaily.co.kr/news/newspath.asp?newsid=01216886622423976
54,[포토]아우디 전기차 Q4 e트론 공개…'매력적인 디자인',http://www.mediapen.com/news/view/619466
55,"한국타이어, 아우디 소비자 트랙 행사에 타이어 공급",http://autotimes.hankyung.com/apps/news.sub_view?popup=0&nid=03&c1=03&c2=03&c3=00&nkey=202105240858041
56,"아우디 신형 Q3 포착, 국내에 언제 나오나",http://autotimes.hankyung.com/apps/news.sub_view?popup=0&nid=02&c1=02&c2=02&c3=00&nkey=201903132141461
57,"[리뷰] 아우디 Q3 - 새로운 디자인, 높은 완성도를 품다",http://www.hankookilbo.com/v/E334EACC901DEDCC6F679597A1645CE5
58,아우디 신형 Q3 쿠페는 이런 모습(?)..렌더링 이미지 살펴보니...,http://www.dailycar.co.kr/content/news.html?type=view&autoId=30859
59,7년 만에 확 바뀐 아우디 'Q3'…11월 유럽서 정식 데뷔,http://www.edaily.co.kr/news/newspath.asp?newsid=01085686619279440
60,"아우디, 7년 만에 풀체인지된 신형 2세대 Q3 공개...10월 정식 데뷔",http://www.autodaily.co.kr/news/articleView.html?idxno=403333
61,아우디 신형 Q3 발표…7년만의 완전변경,http://it.chosun.com/site/data/html_dir/2018/07/26/2018072600540.html
62,"아우디, 신형 Q3 공식 공개..확 바뀐 외관과 첨단기술 ′주목′",http://www.dailycar.co.kr/content/news.html?type=view&autoId=30695
63,"알파로메오, 소형 SUV ‘토날레’ 출시 계획..XC40·Q3와 시장 경쟁!",http://www.dailycar.co.kr/content/news.html?type=view&autoId=38691
64,"아우디, 확 바뀐 2세대 Q3 공개",http://autotimes.hankyung.com/apps/news.sub_view?popup=0&nid=02&c1=02&c2=02&c3=00&nkey=201807251626271
65,"재판매 나선 아우디, A6 인기 이을 다음 타자는...SUV Q5·Q3 가능성 ↑",http://it.chosun.com/news/article.html?no=2848962
66,"아우디, 전기차 공세 강화... 콤팩트 전기 SUV ‘Q4 e-트론’ 공개",http://www.segye.com/content/html/2021/04/16/20210416506356.html?OutUrl=naver
67,아우디폭스바겐 ‘EA189 TDI 엔진’ 리콜…Q5·Q3·골프 등,http://news.mk.co.kr/newsRead.php?year=2018&no=197511
68,아우디 신형 Q3 전면부 포착…프랑프푸르트에서 실차 공개할까?,http://it.chosun.com/news/article.html?no=2839311
69,"아우디 A4·Q3, 포드 익스플로러 등 25개 차종 1만3천대 리콜",http://app.yonhapnews.co.kr/YNA/Basic/SNS/r.aspx?c=AKR20171220157500003&did=1195m
70,"아우디, 코로나 19 위기 속에서도 중국 시장을 바탕으로 상승 곡선",https://hankookilbo.com/News/Read/A2021032409120004741?did=NA
71,"아우디 ""2020년 실적 호조로 코로나 위기 극복""",https://sports.hankooki.com/lpage/economy/202103/sp20210322174350136990.htm?s_ref=nv
72,"폭스바겐그룹, '에어백 결함' 중국서 아우디 Q3 512대 리콜",http://www.g-enews.com/ko-kr/news/article/news_all/201801111139315034e8b8a793f7_1/article.html
73,아우디 Q3·폭스바겐 골프 등 1만6천여대 리콜 추가 승인,http://sports.chosun.com/news/ntype.htm?id=201803280100226590016726&servicedate=20180327
74,아우디 CEO 마커스 듀스만 “코로나 팬데믹에도 아우디 연간 매출액 500억 유로”,http://sports.khan.co.kr/news/sk_index.html?art_id=202103202147003&sec_id=563002&pt=nv
75,"[파리]7년만의 세대 교체, 아우디 Q3",http://autotimes.hankyung.com/apps/news.sub_view?popup=0&nid=07&c1=07&c2=07&c3=00&nkey=201810021004531
76,30대에게 추천! 아우디 Q3 vs. 볼보 XC40,https://www.motortrendkorea.com/sub/view.html?no=4840&cate1Name=TV
77,플러그 꼽은 PHEV 해치백 아우디 A3..기름없이 63km 주행!,http://www.dailycar.co.kr/content/news.html?type=view&autoId=38324
78,아우디 5기통 엔진을 탑재한 고성능 SUV..세아트 포멘터 VZ5,http://www.dailycar.co.kr/content/news.html?type=view&autoId=38925
79,"아우디 Q3·Q5, ‘선루프·브레이크등 결함’ 1만645대 리콜",http://bizn.donga.com/car/3/all/20170803/85674011/2
80,"아우디파이낸셜서비스, Q3·Q5 대상 초저금리 리스 프로모션 실시",http://view.asiae.co.kr/news/view.htm?idxno=2016041210075404631
81,"[시승기] 아우디 Q3, 작지만 '단단' 실용성+민첩함 섭렵",http://www.cstimes.com/news/articleView.html?idxno=208897
82,"아우디, V6 터보 ‘S4 아반트’ Vs 370마력 ‘RS Q3 퍼포먼스’ 공개",http://car.donga.com/3/all/20160301/76764732/3
83,"아우디, 더 빨라진 'RS Q3 퍼포먼스' 선봬, Q3 중에서도 가장 빠른 SUV",http://www.kbench.com/?q=node/159753
84,"[시승기] 겉도 속도 '섹시한' SUV, 아우디 Q3",http://www.inews24.com/php/news_view.php?g_serial=940718&g_menu=022200&rrf=nv
85,아우디폭스바겐 Q3·Q5·골프1.6 ‘리콜’…결함 확인돼,http://www.mhj21.com/sub_read.html?uid=112914§ion=sc243
86,"[시승기]섹시한 컴팩트 SUV, 아우디 Q3 35TDI 콰트로",http://www.nspna.com/news/?mode=view&newsid=153177
87,[시승기] 콤팩트 SUV의 교본 '뉴 아우디 Q3' 타보니,http://www.asiatoday.co.kr/view.php?key=20150927010017163
88,"2016년형 아우디 Q3, 美 IIHS 자동차 안전도 평가서 '우수' 판정 받아",http://www.kbench.com/?q=node/153708
89,[시승기] 아우디 '뉴 Q3' 매끈한 외모에 박력넘치는 주행감,http://www.edaily.co.kr/news/newspath.asp?newsid=02227126609463384
90,[King Car Queen Car] 뉴 아우디 Q3 vs 폭스바겐 더 비틀 클럽 리미티드 에디션,http://magazine.hankyung.com/money/apps/news?popup=0&nid=02&c1=2005&nkey=2015072200122081282&mode=sub_view
91,"아우디, 더 강력해진 `RS Q3 퍼포먼스` 공개",http://www.gpkorea.com/bbs/board.php?bo_table=gp_motorsports&wr_id=14371
92,북유럽 테스트 중 아우디 신형 SUV Q3…BMW X1 잡아라,http://it.chosun.com/news/article.html?no=2844396
93,[직접 타봤어요]아우디 ‘뉴Q3’,http://news.donga.com/3/all/20150630/72185138/1
94,[RV 특집] 아우디 뉴 Q3로 젊은 층에 '인기 몰이',http://www.ajunews.com/view/20150624160928744
95,아우디 Q3 스마트키 불만…숨은 이유가 있었네,http://car.donga.com/3/all/20150611/71816037/2
96,"해외서 출시된 '아우디 Q3 2.0 TFSI', 가격은 3,750만 원부터",http://www.kbench.com/?q=node/151434
97,‘뉴 아우디 Q3’ 연비 검증 완료,http://www.g-enews.com/ko-kr/news/article/news_all/201505201702339366774_1/article.html
98,"BMW X1. 아우디 Q3와 맞붙을 컴팩트 크로스오버 렉서스 UX, 내년 초 한국 상륙",http://www.autodaily.co.kr/news/articleView.html?idxno=406326
99,<시승기-아우디 Q3 2000CC TDI 디젤> 작지만 강한 소형 SUV...젊은 남녀 데이트카로 제격,http://biz.heraldcorp.com/view.php?ud=20150119000718
100,"아우디, 쿠페형 소형 SUV Q3 스포트백 국내 출시",http://www.seoulwire.com/news/articleView.html?idxno=418016
101,"""주행성능 1위"" 폴크스바겐·푸조·아우디 제친 기특한 한국차",https://www.joongang.co.kr/article/25018493
102,"아우디, 신형 Q3 디젤 판매개시…'14.7km/l' 고연비 인증",http://www.mediapen.com/news/view/526996
103,"아우디 코리아, 2세대 풀체인지 모델 '더 뉴 Q3' 출시… 어떻게 달라졌나?",http://digitalchosun.dizzo.com/site/data/html_dir/2020/05/20/2020052080177.html
104,"아우디, ‘더 뉴 아우디 Q3 35 TDI’ 출시...4552만원부터",http://www.getnews.co.kr/view.php?ud=20200520113956136a6b374224_16
105,"[자동차오늘] 금호타이어, 유럽 시장에 '솔루스 4S HA32' 출시…아우디, 컴팩트 SUV '더 뉴 아우디 Q3' 출시",http://www.sisaon.co.kr/news/articleView.html?idxno=113168
106,"아우디, 소형 SUV 신형 Q3 서울시내서 포착..국내 출시 임박(?)",http://www.dailycar.co.kr/content/news.html?type=view&autoId=36483
107,"압트, 440마력의 아우디 RS Q3 튜닝카 공개",http://www.hankookilbo.com/news/npath/202005181295374196?did=NA
108,아우디 Q3·Q5 출시 임박···SUV 라인업 확대 속도,http://www.ebn.co.kr/news/view/1423261/?sc=naver
109,아우디 컴팩트 SUV Q3 인증 완료···SUV 풀라인업 '고삐',http://www.ebn.co.kr/news/view/1013822/?sc=naver
110,아우디 ‘더 뉴 Q3 스포트백 35 TDI’ 출시,http://www.ekn.kr/news/article.html?no=508155
111,"아우디, 신형 Q3 디젤 판매개시…'14.7km/l' 고연비 인증",http://www.mediapen.com/news/view/526996
112,"아우디 코리아, 2세대 풀체인지 모델 '더 뉴 Q3' 출시… 어떻게 달라졌나?",http://digitalchosun.dizzo.com/site/data/html_dir/2020/05/20/2020052080177.html
113,"아우디, ‘더 뉴 아우디 Q3 35 TDI’ 출시...4552만원부터",http://www.getnews.co.kr/view.php?ud=20200520113956136a6b374224_16
114,"[자동차오늘] 금호타이어, 유럽 시장에 '솔루스 4S HA32' 출시…아우디, 컴팩트 SUV '더 뉴 아우디 Q3' 출시",http://www.sisaon.co.kr/news/articleView.html?idxno=113168
115,"아우디, 소형 SUV 신형 Q3 서울시내서 포착..국내 출시 임박(?)",http://www.dailycar.co.kr/content/news.html?type=view&autoId=36483
116,"압트, 440마력의 아우디 RS Q3 튜닝카 공개",http://www.hankookilbo.com/news/npath/202005181295374196?did=NA
117,아우디 Q3·Q5 출시 임박···SUV 라인업 확대 속도,http://www.ebn.co.kr/news/view/1423261/?sc=naver
118,아우디 컴팩트 SUV Q3 인증 완료···SUV 풀라인업 '고삐',http://www.ebn.co.kr/news/view/1013822/?sc=naver
119,"[단독] ""차량 내부가 흥건히 젖어""…아우디, 지속된 누수에도 원인규명은 '지지부진'",http://www.wolyo.co.kr/news/articleView.html?idxno=119819
120,"[신차] 아우디, 콤팩트 SUV '더 뉴 아우디 Q3 35 TDI'···4552만원",http://www.seoulfn.com/news/articleView.html?idxno=383161
121,"아우디, 콤팩트 SUV ‘Q3’ 풀체인지 출시…4552만원부터",http://www.dt.co.kr/contents.html?article_no=2020052002109932064003&ref=naver
122,"아우디, 소형 SUV 신형 Q3 서울시내서 포착..국내 출시 임박(?)",http://www.dailycar.co.kr/content/news.html?type=view&autoId=36483
123,"압트, 440마력의 아우디 RS Q3 튜닝카 공개",http://www.hankookilbo.com/news/npath/202005181295374196?did=NA
124,아우디 Q3·Q5 출시 임박···SUV 라인업 확대 속도,http://www.ebn.co.kr/news/view/1423261/?sc=naver
125,"아우디코리아, Q3 스포트백 출시",http://autotimes.hankyung.com/apps/news.sub_view?popup=0&nid=02&c1=02&c2=02&c3=00&nkey=202006291318201
126,아우디 컴팩트 SUV Q3 인증 완료···SUV 풀라인업 '고삐',http://www.ebn.co.kr/news/view/1013822/?sc=naver
127,"[단독] ""차량 내부가 흥건히 젖어""…아우디, 지속된 누수에도 원인규명은 '지지부진'",http://www.wolyo.co.kr/news/articleView.html?idxno=119819
128,"아우디, RS Q3 및 RS Q3 스포트백 공개..395마력 파워",http://www.dailycar.co.kr/content/news.html?type=view&autoId=34683
129,아우디 RS Q3· RS Q3 스포츠백…395마력에 가격은?,http://www.thedrive.co.kr/news/newsview.php?ncode=1065596867502694
130,"아우디, 컴팩트 SUV Q3·Q3 프리미엄 출시",https://view.asiae.co.kr/article/2020052009184195067
131,"아우디, 풀 체인지 Q3 출시…독일 '베스트 카' 1위",https://www.nocutnews.co.kr/news/5346660
132,"아우디, 소형 SUV 신형 Q3 서울시내서 포착..국내 출시 임박(?)",http://www.dailycar.co.kr/content/news.html?type=view&autoId=36483
133,"압트, 440마력의 아우디 RS Q3 튜닝카 공개",http://www.hankookilbo.com/news/npath/202005181295374196?did=NA
134,아우디 Q3·Q5 출시 임박···SUV 라인업 확대 속도,http://www.ebn.co.kr/news/view/1423261/?sc=naver
135,"아우디코리아, Q3 스포트백 출시",http://autotimes.hankyung.com/apps/news.sub_view?popup=0&nid=02&c1=02&c2=02&c3=00&nkey=202006291318201
136,아우디 컴팩트 SUV Q3 인증 완료···SUV 풀라인업 '고삐',http://www.ebn.co.kr/news/view/1013822/?sc=naver
137,"[단독] ""차량 내부가 흥건히 젖어""…아우디, 지속된 누수에도 원인규명은 '지지부진'",http://www.wolyo.co.kr/news/articleView.html?idxno=119819
138,"아우디, RS Q3 및 RS Q3 스포트백 공개..395마력 파워",http://www.dailycar.co.kr/content/news.html?type=view&autoId=34683
139,아우디 RS Q3· RS Q3 스포츠백…395마력에 가격은?,http://www.thedrive.co.kr/news/newsview.php?ncode=1065596867502694
140,"아우디, 소형SUV Q3·Q3 프리미엄 출시…가격 4,552만원부터",http://www.wowtv.co.kr/NewsCenter/News/Read?articleId=A202005200117&t=NN
141,"아우디, 풀 체인지 Q3 출시…독일 '베스트 카' 1위",https://www.nocutnews.co.kr/news/5346660
142,"아우디, 소형 SUV 신형 Q3 서울시내서 포착..국내 출시 임박(?)",http://www.dailycar.co.kr/content/news.html?type=view&autoId=36483
143,"압트, 440마력의 아우디 RS Q3 튜닝카 공개",http://www.hankookilbo.com/news/npath/202005181295374196?did=NA
144,아우디 Q3·Q5 출시 임박···SUV 라인업 확대 속도,http://www.ebn.co.kr/news/view/1423261/?sc=naver
145,"아우디코리아, Q3 스포트백 출시",http://autotimes.hankyung.com/apps/news.sub_view?popup=0&nid=02&c1=02&c2=02&c3=00&nkey=202006291318201
146,아우디 컴팩트 SUV Q3 인증 완료···SUV 풀라인업 '고삐',http://www.ebn.co.kr/news/view/1013822/?sc=naver
147,"[단독] ""차량 내부가 흥건히 젖어""…아우디, 지속된 누수에도 원인규명은 '지지부진'",http://www.wolyo.co.kr/news/articleView.html?idxno=119819
148,"아우디, RS Q3 및 RS Q3 스포트백 공개..395마력 파워",http://www.dailycar.co.kr/content/news.html?type=view&autoId=34683
149,아우디 RS Q3· RS Q3 스포츠백…395마력에 가격은?,http://www.thedrive.co.kr/news/newsview.php?ncode=1065596867502694
150,"아우디, 콤팩트 SUV Q3 2세대 완전변경 모델 출시…가격 4552만원부터",https://www.news1.kr/articles/?3939666
151,"아우디, 소형 SUV 신형 Q3 서울시내서 포착..국내 출시 임박(?)",http://www.dailycar.co.kr/content/news.html?type=view&autoId=36483
152,"압트, 440마력의 아우디 RS Q3 튜닝카 공개",http://www.hankookilbo.com/news/npath/202005181295374196?did=NA
153,"아우디, 소형 SUV 더 뉴 Q3 출시",http://yna.kr/PYH20200520101700003?did=1196m
154,아우디 Q3·Q5 출시 임박···SUV 라인업 확대 속도,http://www.ebn.co.kr/news/view/1423261/?sc=naver
155,"아우디코리아, Q3 스포트백 출시",http://autotimes.hankyung.com/apps/news.sub_view?popup=0&nid=02&c1=02&c2=02&c3=00&nkey=202006291318201
156,아우디 컴팩트 SUV Q3 인증 완료···SUV 풀라인업 '고삐',http://www.ebn.co.kr/news/view/1013822/?sc=naver
157,"[단독] ""차량 내부가 흥건히 젖어""…아우디, 지속된 누수에도 원인규명은 '지지부진'",http://www.wolyo.co.kr/news/articleView.html?idxno=119819
158,"아우디, RS Q3 및 RS Q3 스포트백 공개..395마력 파워",http://www.dailycar.co.kr/content/news.html?type=view&autoId=34683
159,아우디 RS Q3· RS Q3 스포츠백…395마력에 가격은?,http://www.thedrive.co.kr/news/newsview.php?ncode=1065596867502694
160,"아우디, '더뉴 아우디 Q3 35 TDI' 출시...가격 4552만원",http://www.newspim.com/news/view/20200520000521
161,"아우디, 소형 SUV 신형 Q3 서울시내서 포착..국내 출시 임박(?)",http://www.dailycar.co.kr/content/news.html?type=view&autoId=36483
162,"압트, 440마력의 아우디 RS Q3 튜닝카 공개",http://www.hankookilbo.com/news/npath/202005181295374196?did=NA
163,"아우디, 소형 SUV 더 뉴 Q3 출시",http://yna.kr/PYH20200520101700003?did=1196m
164,아우디 Q3·Q5 출시 임박···SUV 라인업 확대 속도,http://www.ebn.co.kr/news/view/1423261/?sc=naver
165,"아우디코리아, Q3 스포트백 출시",http://autotimes.hankyung.com/apps/news.sub_view?popup=0&nid=02&c1=02&c2=02&c3=00&nkey=202006291318201
166,아우디 컴팩트 SUV Q3 인증 완료···SUV 풀라인업 '고삐',http://www.ebn.co.kr/news/view/1013822/?sc=naver
167,"[단독] ""차량 내부가 흥건히 젖어""…아우디, 지속된 누수에도 원인규명은 '지지부진'",http://www.wolyo.co.kr/news/articleView.html?idxno=119819
168,"아우디, RS Q3 및 RS Q3 스포트백 공개..395마력 파워",http://www.dailycar.co.kr/content/news.html?type=view&autoId=34683
169,아우디 RS Q3· RS Q3 스포츠백…395마력에 가격은?,http://www.thedrive.co.kr/news/newsview.php?ncode=1065596867502694
170,"아우디코리아, Q3 스포트백 출시",http://autotimes.hankyung.com/apps/news.sub_view?popup=0&nid=02&c1=02&c2=02&c3=00&nkey=202006291318201
171,"""작지만 강한 차"" 아우디 신형 Q3 출시",http://it.chosun.com/site/data/html_dir/2020/05/20/2020052002953.html
172,"아우디, 소형 SUV 더 뉴 Q3 출시… 4552만원부터",http://www.newscj.com/news/articleView.html?idxno=739025
173,아우디 컴팩트 SUV Q3 인증 완료···SUV 풀라인업 '고삐',http://www.ebn.co.kr/news/view/1013822/?sc=naver
174,"[단독] ""차량 내부가 흥건히 젖어""…아우디, 지속된 누수에도 원인규명은 '지지부진'",http://www.wolyo.co.kr/news/articleView.html?idxno=119819
175,"아우디, RS Q3 및 RS Q3 스포트백 공개..395마력 파워",http://www.dailycar.co.kr/content/news.html?type=view&autoId=34683
176,아우디 RS Q3· RS Q3 스포츠백…395마력에 가격은?,http://www.thedrive.co.kr/news/newsview.php?ncode=1065596867502694
177,"아우디, 더욱 스포티하고 감각적인 Q3 스포트백 공개",http://www.hankookilbo.com/news/npath/201907281172712497?did=NA
178,"""BMW 'X2' 잡겠다""…아우디, 쿠페형 콤팩트 SUV 'Q3 스포트백' 선봬",http://www.edaily.co.kr/news/newspath.asp?newsid=02361606622558128
179,"아우디, 고성능 SUV Q3 스포츠백 RS 공개 계획..400마력 파워",http://www.dailycar.co.kr/content/news.html?type=view&autoId=34045
180,"아우디, 고성능 SUV Q3 스포츠백 RS 공개 계획..400마력 파워",http://www.dailycar.co.kr/content/news.html?type=view&autoId=34045
181,"아우디, '올뉴 Q3 스포트백' 공개...가격 4900만원부터",http://www.gpkorea.com/news/articleView.html?idxno=54607
182,"아우디, 또 하나의 쿠페형 SUV..Q3 스포트백 ‘포착’",http://www.dailycar.co.kr/content/news.html?type=view&autoId=33432
183,"아우디, 소형 SUV Q3 출시‘임박’..판매 시기는?",http://www.dailycar.co.kr/content/news.html?type=view&autoId=33050
184,"[자동차리콜] 아우디 Q3 35 TDI qe, Sport 차량 제어모듈",http://www.00news.co.kr/news/articleView.html?idxno=59226
185,"""7년 만에 확 바꼈다""…아우디, 올해 'Q3 스포츠백' 출시",http://www.edaily.co.kr/news/newspath.asp?newsid=01216886622423976
186,[포토]아우디 전기차 Q4 e트론 공개…'매력적인 디자인',http://www.mediapen.com/news/view/619466
187,"한국타이어, 아우디 소비자 트랙 행사에 타이어 공급",http://autotimes.hankyung.com/apps/news.sub_view?popup=0&nid=03&c1=03&c2=03&c3=00&nkey=202105240858041
188,"아우디 신형 Q3 포착, 국내에 언제 나오나",http://autotimes.hankyung.com/apps/news.sub_view?popup=0&nid=02&c1=02&c2=02&c3=00&nkey=201903132141461
189,"[리뷰] 아우디 Q3 - 새로운 디자인, 높은 완성도를 품다",http://www.hankookilbo.com/v/E334EACC901DEDCC6F679597A1645CE5
190,"[리뷰] 아우디 Q3 - 새로운 디자인, 높은 완성도를 품다",http://www.hankookilbo.com/v/E334EACC901DEDCC6F679597A1645CE5
191,아우디 신형 Q3 쿠페는 이런 모습(?)..렌더링 이미지 살펴보니...,http://www.dailycar.co.kr/content/news.html?type=view&autoId=30859
192,7년 만에 확 바뀐 아우디 'Q3'…11월 유럽서 정식 데뷔,http://www.edaily.co.kr/news/newspath.asp?newsid=01085686619279440
193,"아우디, 7년 만에 풀체인지된 신형 2세대 Q3 공개...10월 정식 데뷔",http://www.autodaily.co.kr/news/articleView.html?idxno=403333
194,아우디 신형 Q3 발표…7년만의 완전변경,http://it.chosun.com/site/data/html_dir/2018/07/26/2018072600540.html
195,"아우디, 신형 Q3 공식 공개..확 바뀐 외관과 첨단기술 ′주목′",http://www.dailycar.co.kr/content/news.html?type=view&autoId=30695
196,"현대차 투싼 PHEV, 獨 3대 자동차 전문지 비교평가서 1위 달성",https://view.asiae.co.kr/article/2021102708333763836
197,"현대차 투싼 PHEV, 獨 차전문매체 평가서 'SUV 종합 1위'",http://www.newspim.com/news/view/20211027000215
198,"알파로메오, 소형 SUV ‘토날레’ 출시 계획..XC40·Q3와 시장 경쟁!",http://www.dailycar.co.kr/content/news.html?type=view&autoId=38691
199,"아우디, 확 바뀐 2세대 Q3 공개",http://autotimes.hankyung.com/apps/news.sub_view?popup=0&nid=02&c1=02&c2=02&c3=00&nkey=201807251626271
200,"재판매 나선 아우디, A6 인기 이을 다음 타자는...SUV Q5·Q3 가능성 ↑",http://it.chosun.com/news/article.html?no=2848962
201,"아우디, 전기차 공세 강화... 콤팩트 전기 SUV ‘Q4 e-트론’ 공개",http://www.segye.com/content/html/2021/04/16/20210416506356.html?OutUrl=naver
202,아우디폭스바겐 ‘EA189 TDI 엔진’ 리콜…Q5·Q3·골프 등,http://news.mk.co.kr/newsRead.php?year=2018&no=197511
203,아우디 신형 Q3 전면부 포착…프랑프푸르트에서 실차 공개할까?,http://it.chosun.com/news/article.html?no=2839311
204,"아우디 A4·Q3, 포드 익스플로러 등 25개 차종 1만3천대 리콜",http://app.yonhapnews.co.kr/YNA/Basic/SNS/r.aspx?c=AKR20171220157500003&did=1195m
205,"폭스바겐그룹, '에어백 결함' 중국서 아우디 Q3 512대 리콜",http://www.g-enews.com/ko-kr/news/article/news_all/201801111139315034e8b8a793f7_1/article.html
206,아우디 Q3·폭스바겐 골프 등 1만6천여대 리콜 추가 승인,http://sports.chosun.com/news/ntype.htm?id=201803280100226590016726&servicedate=20180327
207,"아우디, 코로나 19 위기 속에서도 중국 시장을 바탕으로 상승 곡선",https://hankookilbo.com/News/Read/A2021032409120004741?did=NA
208,"아우디 ""2020년 실적 호조로 코로나 위기 극복""",https://sports.hankooki.com/lpage/economy/202103/sp20210322174350136990.htm?s_ref=nv
209,아우디 CEO 마커스 듀스만 “코로나 팬데믹에도 아우디 연간 매출액 500억 유로”,http://sports.khan.co.kr/news/sk_index.html?art_id=202103202147003&sec_id=563002&pt=nv
210,아우디 Q3·폭스바겐 골프 등 1만6천여대 리콜 추가 승인,http://sports.chosun.com/news/ntype.htm?id=201803280100226590016726&servicedate=20180327
211,아우디 CEO 마커스 듀스만 “코로나 팬데믹에도 아우디 연간 매출액 500억 유로”,http://sports.khan.co.kr/news/sk_index.html?art_id=202103202147003&sec_id=563002&pt=nv
212,"아우디, 2020년 글로벌 시장에 169만 2,773대 판매… 전년대비 8% 감소",http://kr.aving.net/news/view.php?articleId=1599190&Branch_ID=kr&rssid=naver&mn_name=news
213,"아우디 A4·Q3, 포드 익스플로러 등 25개 차종 1만3천 대 리콜",http://news.sbs.co.kr/news/endPage.do?news_id=N1004539734&plink=ORI&cooper=NAVER
214,"[파리]7년만의 세대 교체, 아우디 Q3",http://autotimes.hankyung.com/apps/news.sub_view?popup=0&nid=07&c1=07&c2=07&c3=00&nkey=201810021004531
215,30대에게 추천! 아우디 Q3 vs. 볼보 XC40,https://www.motortrendkorea.com/sub/view.html?no=4840&cate1Name=TV
216,플러그 꼽은 PHEV 해치백 아우디 A3..기름없이 63km 주행!,http://www.dailycar.co.kr/content/news.html?type=view&autoId=38324
217,아우디 5기통 엔진을 탑재한 고성능 SUV..세아트 포멘터 VZ5,http://www.dailycar.co.kr/content/news.html?type=view&autoId=38925
218,"아우디 Q3·Q5, ‘선루프·브레이크등 결함’ 1만645대 리콜",http://bizn.donga.com/car/3/all/20170803/85674011/2
219,"아우디파이낸셜서비스, Q3·Q5 대상 초저금리 리스 프로모션 실시",http://view.asiae.co.kr/news/view.htm?idxno=2016041210075404631
220,"아우디 ""2025년까지 순수 전기차 20종 출시""",http://www.edaily.co.kr/news/newspath.asp?newsid=03007766628984960
221,"아우디 A4·Q3, 포드 익스플로러 등 25개 차종 1만3천 대 리콜",http://news.sbs.co.kr/news/endPage.do?news_id=N1004539734&plink=ORI&cooper=NAVER
222,"[파리]7년만의 세대 교체, 아우디 Q3",http://autotimes.hankyung.com/apps/news.sub_view?popup=0&nid=07&c1=07&c2=07&c3=00&nkey=201810021004531
223,30대에게 추천! 아우디 Q3 vs. 볼보 XC40,https://www.motortrendkorea.com/sub/view.html?no=4840&cate1Name=TV
224,플러그 꼽은 PHEV 해치백 아우디 A3..기름없이 63km 주행!,http://www.dailycar.co.kr/content/news.html?type=view&autoId=38324
225,아우디 5기통 엔진을 탑재한 고성능 SUV..세아트 포멘터 VZ5,http://www.dailycar.co.kr/content/news.html?type=view&autoId=38925
226,"아우디 Q3·Q5, ‘선루프·브레이크등 결함’ 1만645대 리콜",http://bizn.donga.com/car/3/all/20170803/85674011/2
227,"아우디파이낸셜서비스, Q3·Q5 대상 초저금리 리스 프로모션 실시",http://view.asiae.co.kr/news/view.htm?idxno=2016041210075404631
228,"[시승기] 아우디 Q3, 작지만 '단단' 실용성+민첩함 섭렵",http://www.cstimes.com/news/articleView.html?idxno=208897
229,"아우디, V6 터보 ‘S4 아반트’ Vs 370마력 ‘RS Q3 퍼포먼스’ 공개",http://car.donga.com/3/all/20160301/76764732/3
230,"아우디 Q3·Q5, ‘선루프·브레이크등 결함’ 1만645대 리콜",http://bizn.donga.com/car/3/all/20170803/85674011/2
231,"아우디파이낸셜서비스, Q3·Q5 대상 초저금리 리스 프로모션 실시",http://view.asiae.co.kr/news/view.htm?idxno=2016041210075404631
232,"[시승기] 아우디 Q3, 작지만 '단단' 실용성+민첩함 섭렵",http://www.cstimes.com/news/articleView.html?idxno=208897
233,"아우디, V6 터보 ‘S4 아반트’ Vs 370마력 ‘RS Q3 퍼포먼스’ 공개",http://car.donga.com/3/all/20160301/76764732/3
234,"아우디, 더 빨라진 'RS Q3 퍼포먼스' 선봬, Q3 중에서도 가장 빠른 SUV",http://www.kbench.com/?q=node/159753
235,"[시승기] 겉도 속도 '섹시한' SUV, 아우디 Q3",http://www.inews24.com/php/news_view.php?g_serial=940718&g_menu=022200&rrf=nv
236,아우디폭스바겐 Q3·Q5·골프1.6 ‘리콜’…결함 확인돼,http://www.mhj21.com/sub_read.html?uid=112914§ion=sc243
237,"[시승기]섹시한 컴팩트 SUV, 아우디 Q3 35TDI 콰트로",http://www.nspna.com/news/?mode=view&newsid=153177
238,[시승기] 콤팩트 SUV의 교본 '뉴 아우디 Q3' 타보니,http://www.asiatoday.co.kr/view.php?key=20150927010017163
239,"2016년형 아우디 Q3, 美 IIHS 자동차 안전도 평가서 '우수' 판정 받아",http://www.kbench.com/?q=node/153708
240,아우디폭스바겐 Q3‧Q5‧골프 리콜 시작,http://www.m-i.kr/news/articleView.html?idxno=399293
241,"[시승기]섹시한 컴팩트 SUV, 아우디 Q3 35TDI 콰트로",http://www.nspna.com/news/?mode=view&newsid=153177
242,[시승기] 콤팩트 SUV의 교본 '뉴 아우디 Q3' 타보니,http://www.asiatoday.co.kr/view.php?key=20150927010017163
243,"2016년형 아우디 Q3, 美 IIHS 자동차 안전도 평가서 '우수' 판정 받아",http://www.kbench.com/?q=node/153708
244,[시승기] 아우디 '뉴 Q3' 매끈한 외모에 박력넘치는 주행감,http://www.edaily.co.kr/news/newspath.asp?newsid=02227126609463384
245,[King Car Queen Car] 뉴 아우디 Q3 vs 폭스바겐 더 비틀 클럽 리미티드 에디션,http://magazine.hankyung.com/money/apps/news?popup=0&nid=02&c1=2005&nkey=2015072200122081282&mode=sub_view
246,"아우디 파이낸셜 서비스, SUV 'Q3·Q5·SQ5' 대상 리스 프로모션",http://www.ebn.co.kr/news/view/825456
247,"아우디, 더 강력해진 `RS Q3 퍼포먼스` 공개",http://www.gpkorea.com/bbs/board.php?bo_table=gp_motorsports&wr_id=14371
248,북유럽 테스트 중 아우디 신형 SUV Q3…BMW X1 잡아라,http://it.chosun.com/news/article.html?no=2844396
249,[직접 타봤어요]아우디 ‘뉴Q3’,http://news.donga.com/3/all/20150630/72185138/1
250,"아우디, 더 강력해진 `RS Q3 퍼포먼스` 공개",http://www.gpkorea.com/bbs/board.php?bo_table=gp_motorsports&wr_id=14371
251,북유럽 테스트 중 아우디 신형 SUV Q3…BMW X1 잡아라,http://it.chosun.com/news/article.html?no=2844396
252,[직접 타봤어요]아우디 ‘뉴Q3’,http://news.donga.com/3/all/20150630/72185138/1
253,[RV 특집] 아우디 뉴 Q3로 젊은 층에 '인기 몰이',http://www.ajunews.com/view/20150624160928744
254,아우디 Q3 스마트키 불만…숨은 이유가 있었네,http://car.donga.com/3/all/20150611/71816037/2
255,"해외서 출시된 '아우디 Q3 2.0 TFSI', 가격은 3,750만 원부터",http://www.kbench.com/?q=node/151434
256,‘뉴 아우디 Q3’ 연비 검증 완료,http://www.g-enews.com/ko-kr/news/article/news_all/201505201702339366774_1/article.html
257,소형 SUV '뉴 아우디 Q3' 새 파워트레인 장착,http://news20.busan.com/controller/newsController.jsp?newsId=20150511000052
258,"아우디 코리아, 프리미엄 컴팩트 SUV ‘뉴 아우디 Q3’ 출시",http://www.kbench.com/?q=node/150059
259,프리미엄 SUV '뉴 아우디 Q3' 4가지 종류 국내 출시,http://www.newscj.com/news/articleView.html?idxno=289230
260,"아우디 코리아, 뉴 아우디 Q3 출시",http://www.moneyweek.co.kr/news/mwView.php?type=1&no=2015050711308092554&outlink=1
261,프리미엄 SUV '뉴 아우디 Q3' 4가지 종류 국내 출시,http://www.newscj.com/news/articleView.html?idxno=289230
262,"아우디코리아, 뉴 Q3 가격 '360만원'이나 올린 이유는?",http://www.it.co.kr/news/article.html?no=2800125
263,"‘뉴 아우디 Q3’, 구매 서둘러야 하는 이유?",http://www.newsway.co.kr/view.php?tp=1&ud=2015050712225666817
264,"아우디코리아, 프리미엄 소형 SUV '뉴 Q3' 출시",http://www.cstimes.com/news/articleView.html?idxno=176171
265,"BMW X1. 아우디 Q3와 맞붙을 컴팩트 크로스오버 렉서스 UX, 내년 초 한국 상륙",http://www.autodaily.co.kr/news/articleView.html?idxno=406326
266,<시승기-아우디 Q3 2000CC TDI 디젤> 작지만 강한 소형 SUV...젊은 남녀 데이트카로 제격,http://biz.heraldcorp.com/view.php?ud=20150119000718
267,"아우디, 콤팩트 SUV Q3·RS Q3 페이스리프트 모델 발표",http://www.it.co.kr/news/mediaitNewsView.php?nSeq=2780048
268,"아우디, ‘아우토니스 2020’ 어워드 5관왕 달성",http://sports.hankooki.com/lpage/economy/202010/sp20201027122239136990.htm?s_ref=nv
269,"출력과 연비를 개선한 신형 크로스오버,'아우디 Q3' 발표",http://www.kbench.com/?q=node/141826
270,"아우디코리아, 컴팩트 SUV '뉴 아우디 Q3' 출시",http://news.mtn.co.kr/newscenter/news_viewer.mtn?gidx=2015050717584872936
271,"아우디코리아, 뉴 Q3 가격 '360만원'이나 올린 이유는?",http://www.it.co.kr/news/article.html?no=2800125
272,"4색 매력 아우디 Q3, 5190만원에 판매",http://news.mk.co.kr/news_forward.php?domain=news&no=434813&year=2015
273,"‘뉴 아우디 Q3’, 구매 서둘러야 하는 이유?",http://www.newsway.co.kr/view.php?tp=1&ud=2015050712225666817
274,"BMW X1. 아우디 Q3와 맞붙을 컴팩트 크로스오버 렉서스 UX, 내년 초 한국 상륙",http://www.autodaily.co.kr/news/articleView.html?idxno=406326
275,"아우디, ‘아우토니스 2020’ 어워드 5관왕 달성",http://sports.hankooki.com/lpage/economy/202010/sp20201027122239136990.htm?s_ref=nv
276,"아우디, 독일 '아우토니스 2020' 어워드서 10개 부문 중 5개 석권",http://kr.aving.net/news/view.php?articleId=1587448&Branch_ID=kr&rssid=naver&mn_name=news
277,<시승기-아우디 Q3 2000CC TDI 디젤> 작지만 강한 소형 SUV...젊은 남녀 데이트카로 제격,http://biz.heraldcorp.com/view.php?ud=20150119000718
278,"아우디, 獨 '아우토니스 2020' 어워드 5개 부문 수상",https://view.asiae.co.kr/article/2020102610115705592
279,"아우디, 독일 '아우토니스 2020' 어워드 5관왕 ",http://www.m-i.kr/news/articleView.html?idxno=757928
280,"아우디, 프리미엄 컴팩트 SUV Q3 부분변경모델 출시",http://www.consumernews.co.kr/?mod=news&act=articleView&idxno=502079
281,"아우디, 프리미엄 컴팩트 SUV ‘뉴 아우디 Q3’ 출시",http://www.econovill.com/news/articleView.html?idxno=244596
282,"‘뉴 아우디 Q3’, 구매 서둘러야 하는 이유?",http://www.newsway.co.kr/view.php?tp=1&ud=2015050712225666817
283,[NW포토]뉴 아우디 Q3’ 출시...1차 판매분 230대,http://www.newsway.co.kr/view.php?tp=1&ud=2015050710581638273
284,"BMW X1. 아우디 Q3와 맞붙을 컴팩트 크로스오버 렉서스 UX, 내년 초 한국 상륙",http://www.autodaily.co.kr/news/articleView.html?idxno=406326
285,"아우디, ‘아우토니스 2020’ 어워드 5관왕 달성",http://sports.hankooki.com/lpage/economy/202010/sp20201027122239136990.htm?s_ref=nv
286,"아우디, 독일 '아우토니스 2020' 어워드서 10개 부문 중 5개 석권",http://kr.aving.net/news/view.php?articleId=1587448&Branch_ID=kr&rssid=naver&mn_name=news
287,<시승기-아우디 Q3 2000CC TDI 디젤> 작지만 강한 소형 SUV...젊은 남녀 데이트카로 제격,http://biz.heraldcorp.com/view.php?ud=20150119000718
288,'테슬라-BMW-아우디'도 뛰어들었다...'라이브커머스' 도대체 뭐길래,https://www.techm.kr/news/articleView.html?idxno=80124
289,"아우디, 콤팩트 SUV Q3·RS Q3 페이스리프트 모델 발표",http://www.it.co.kr/news/mediaitNewsView.php?nSeq=2780048
290,"뉴 아우디 Q3 부분변경 모델, 소형 SUV 시장 가세",http://www.g-enews.com/ko-kr/news/article/news_all/201505071126565068258_1/article.html
291,[NW포토]‘뉴 아우디 Q3’ 출시...가격 5190~5650만원,http://www.newsway.co.kr/view.php?tp=1&ud=2015050711090275267
292,[NW포토]뉴 아우디 Q3’ 출시...1차 판매분 230대,http://www.newsway.co.kr/view.php?tp=1&ud=2015050710581638273
293,"아우디 코리아, 4색(色) ‘뉴 아우디 Q3’ 출시",http://www.ekn.kr/news/article.html?no=134174
294,"BMW X1. 아우디 Q3와 맞붙을 컴팩트 크로스오버 렉서스 UX, 내년 초 한국 상륙",http://www.autodaily.co.kr/news/articleView.html?idxno=406326
295,"아우디, ‘아우토니스 2020’ 어워드 5관왕 달성",http://sports.hankooki.com/lpage/economy/202010/sp20201027122239136990.htm?s_ref=nv
296,"아우디, 독일 '아우토니스 2020' 어워드서 10개 부문 중 5개 석권",http://kr.aving.net/news/view.php?articleId=1587448&Branch_ID=kr&rssid=naver&mn_name=news
297,<시승기-아우디 Q3 2000CC TDI 디젤> 작지만 강한 소형 SUV...젊은 남녀 데이트카로 제격,http://biz.heraldcorp.com/view.php?ud=20150119000718
298,'테슬라-BMW-아우디'도 뛰어들었다...'라이브커머스' 도대체 뭐길래,https://www.techm.kr/news/articleView.html?idxno=80124
299,"아우디, 콤팩트 SUV Q3·RS Q3 페이스리프트 모델 발표",http://www.it.co.kr/news/mediaitNewsView.php?nSeq=2780048
300,<포토>컴팩트 SUV '뉴 아우디 Q3' 출시,http://www.dailian.co.kr/news/view/503883/?sc=naver
301,더욱 강력해진 '뉴 아우디 Q3' 국내 첫 선,http://www.sporbiz.co.kr/news/articleView.html?idxno=2495
302,"[NW포토]아우디 코리아, The new Audi Q3 출시",http://www.newsway.co.kr/view.php?tp=1&ud=2015050712144060864
303,"아우디 코리아, 4색(色) ‘뉴 아우디 Q3’ 출시",http://www.ekn.kr/news/article.html?no=134174
304,"BMW X1. 아우디 Q3와 맞붙을 컴팩트 크로스오버 렉서스 UX, 내년 초 한국 상륙",http://www.autodaily.co.kr/news/articleView.html?idxno=406326
305,<시승기-아우디 Q3 2000CC TDI 디젤> 작지만 강한 소형 SUV...젊은 남녀 데이트카로 제격,http://biz.heraldcorp.com/view.php?ud=20150119000718
306,"아우디, 콤팩트 SUV Q3·RS Q3 페이스리프트 모델 발표",http://www.it.co.kr/news/mediaitNewsView.php?nSeq=2780048
307,"아우디, ‘아우토니스 2020’ 어워드 5관왕 달성",http://sports.hankooki.com/lpage/economy/202010/sp20201027122239136990.htm?s_ref=nv
308,"출력과 연비를 개선한 신형 크로스오버,'아우디 Q3' 발표",http://www.kbench.com/?q=node/141826
309,"아우디, 독일 '아우토니스 2020' 어워드서 10개 부문 중 5개 석권",http://kr.aving.net/news/view.php?articleId=1587448&Branch_ID=kr&rssid=naver&mn_name=news
310,더욱 강력해진 '뉴 아우디 Q3' 국내 첫 선,http://www.sporbiz.co.kr/news/articleView.html?idxno=2495
311,"[NW포토]아우디 코리아, The new Audi Q3 출시",http://www.newsway.co.kr/view.php?tp=1&ud=2015050712144060864
312,"아우디 코리아, 4색(色) ‘뉴 아우디 Q3’ 출시",http://www.ekn.kr/news/article.html?no=134174
313,"BMW X1. 아우디 Q3와 맞붙을 컴팩트 크로스오버 렉서스 UX, 내년 초 한국 상륙",http://www.autodaily.co.kr/news/articleView.html?idxno=406326
314,<시승기-아우디 Q3 2000CC TDI 디젤> 작지만 강한 소형 SUV...젊은 남녀 데이트카로 제격,http://biz.heraldcorp.com/view.php?ud=20150119000718
315,"아우디, 콤팩트 SUV Q3·RS Q3 페이스리프트 모델 발표",http://www.it.co.kr/news/mediaitNewsView.php?nSeq=2780048
316,"아우디, ‘아우토니스 2020’ 어워드 5관왕 달성",http://sports.hankooki.com/lpage/economy/202010/sp20201027122239136990.htm?s_ref=nv
317,"출력과 연비를 개선한 신형 크로스오버,'아우디 Q3' 발표",http://www.kbench.com/?q=node/141826
318,"아우디, 독일 '아우토니스 2020' 어워드서 10개 부문 중 5개 석권",http://kr.aving.net/news/view.php?articleId=1587448&Branch_ID=kr&rssid=naver&mn_name=news
319,'테슬라-BMW-아우디'도 뛰어들었다...'라이브커머스' 도대체 뭐길래,https://www.techm.kr/news/articleView.html?idxno=80124
320,[사진]뉴 아우디 Q3 센터페시아,http://www.osen.co.kr/article/G1110145474
321,아우디코리아 Q3 부분변경 출시,http://autotimes.hankyung.com/apps/news.sub_view?popup=0&nid=03&c1=03&c2=03&c3=00&nkey=201505071036011
322,"아우디 코리아, 더 매력적인 모습으로 돌아온 '뉴 아우디 Q3' 출시",http://kr.aving.net/news/view.php?articleId=1246908&Branch_ID=kr&rssid=naver&mn_name=news
323,"BMW X1. 아우디 Q3와 맞붙을 컴팩트 크로스오버 렉서스 UX, 내년 초 한국 상륙",http://www.autodaily.co.kr/news/articleView.html?idxno=406326
324,"아우디, ‘아우토니스 2020’ 어워드 5관왕 달성",http://sports.hankooki.com/lpage/economy/202010/sp20201027122239136990.htm?s_ref=nv
325,"아우디, 독일 '아우토니스 2020' 어워드서 10개 부문 중 5개 석권",http://kr.aving.net/news/view.php?articleId=1587448&Branch_ID=kr&rssid=naver&mn_name=news
326,<시승기-아우디 Q3 2000CC TDI 디젤> 작지만 강한 소형 SUV...젊은 남녀 데이트카로 제격,http://biz.heraldcorp.com/view.php?ud=20150119000718
327,'테슬라-BMW-아우디'도 뛰어들었다...'라이브커머스' 도대체 뭐길래,https://www.techm.kr/news/articleView.html?idxno=80124
328,"아우디, 콤팩트 SUV Q3·RS Q3 페이스리프트 모델 발표",http://www.it.co.kr/news/mediaitNewsView.php?nSeq=2780048
329,"출력과 연비를 개선한 신형 크로스오버,'아우디 Q3' 발표",http://www.kbench.com/?q=node/141826
330,[사진]우아함이 물씬 뉴 아우디 Q3 실내,http://www.osen.co.kr/article/G1110145465
331,아우디코리아 Q3 부분변경 출시,http://autotimes.hankyung.com/apps/news.sub_view?popup=0&nid=03&c1=03&c2=03&c3=00&nkey=201505071036011
332,"아우디 코리아, 더 매력적인 모습으로 돌아온 '뉴 아우디 Q3' 출시",http://kr.aving.net/news/view.php?articleId=1246908&Branch_ID=kr&rssid=naver&mn_name=news
333,"BMW X1. 아우디 Q3와 맞붙을 컴팩트 크로스오버 렉서스 UX, 내년 초 한국 상륙",http://www.autodaily.co.kr/news/articleView.html?idxno=406326
334,"아우디, ‘아우토니스 2020’ 어워드 5관왕 달성",http://sports.hankooki.com/lpage/economy/202010/sp20201027122239136990.htm?s_ref=nv
335,"아우디, 독일 '아우토니스 2020' 어워드서 10개 부문 중 5개 석권",http://kr.aving.net/news/view.php?articleId=1587448&Branch_ID=kr&rssid=naver&mn_name=news
336,<시승기-아우디 Q3 2000CC TDI 디젤> 작지만 강한 소형 SUV...젊은 남녀 데이트카로 제격,http://biz.heraldcorp.com/view.php?ud=20150119000718
337,'테슬라-BMW-아우디'도 뛰어들었다...'라이브커머스' 도대체 뭐길래,https://www.techm.kr/news/articleView.html?idxno=80124
338,"아우디, 콤팩트 SUV Q3·RS Q3 페이스리프트 모델 발표",http://www.it.co.kr/news/mediaitNewsView.php?nSeq=2780048
339,"출력과 연비를 개선한 신형 크로스오버,'아우디 Q3' 발표",http://www.kbench.com/?q=node/141826
340,프리미엄 소형 SUV '뉴 아우디 Q3' 출시,http://app.yonhapnews.co.kr/YNA/Basic/SNS/r.aspx?c=AKR20150507082100003&did=1195m
341,"BMW X1. 아우디 Q3와 맞붙을 컴팩트 크로스오버 렉서스 UX, 내년 초 한국 상륙",http://www.autodaily.co.kr/news/articleView.html?idxno=406326
342,<시승기-아우디 Q3 2000CC TDI 디젤> 작지만 강한 소형 SUV...젊은 남녀 데이트카로 제격,http://biz.heraldcorp.com/view.php?ud=20150119000718
343,"아우디, 콤팩트 SUV Q3·RS Q3 페이스리프트 모델 발표",http://www.it.co.kr/news/mediaitNewsView.php?nSeq=2780048
344,"아우디, ‘아우토니스 2020’ 어워드 5관왕 달성",http://sports.hankooki.com/lpage/economy/202010/sp20201027122239136990.htm?s_ref=nv
345,"출력과 연비를 개선한 신형 크로스오버,'아우디 Q3' 발표",http://www.kbench.com/?q=node/141826
346,"아우디, 독일 '아우토니스 2020' 어워드서 10개 부문 중 5개 석권",http://kr.aving.net/news/view.php?articleId=1587448&Branch_ID=kr&rssid=naver&mn_name=news
347,'테슬라-BMW-아우디'도 뛰어들었다...'라이브커머스' 도대체 뭐길래,https://www.techm.kr/news/articleView.html?idxno=80124
348,"[시승기] 아우디 뉴Q3, 온·오프 활주 'SUV 젠틀맨'",http://www.moneyweek.co.kr/news/mwView.php?type=1&no=2014091122318085002&outlink=1
349,"아우디코리아, Q3 스마트키 감도 저하 “법적 문제없어”",http://car.donga.com/3/all/20150612/71834881/2
350,"[포토] 아우디, '뉴 아우디 Q3' 출시",http://www.hankyung.com/news/app/newsview.php?aid=201505077814g
351,"BMW X1. 아우디 Q3와 맞붙을 컴팩트 크로스오버 렉서스 UX, 내년 초 한국 상륙",http://www.autodaily.co.kr/news/articleView.html?idxno=406326
352,<시승기-아우디 Q3 2000CC TDI 디젤> 작지만 강한 소형 SUV...젊은 남녀 데이트카로 제격,http://biz.heraldcorp.com/view.php?ud=20150119000718
353,"아우디, 콤팩트 SUV Q3·RS Q3 페이스리프트 모델 발표",http://www.it.co.kr/news/mediaitNewsView.php?nSeq=2780048
354,"아우디, ‘아우토니스 2020’ 어워드 5관왕 달성",http://sports.hankooki.com/lpage/economy/202010/sp20201027122239136990.htm?s_ref=nv
355,"출력과 연비를 개선한 신형 크로스오버,'아우디 Q3' 발표",http://www.kbench.com/?q=node/141826
356,"아우디, 독일 '아우토니스 2020' 어워드서 10개 부문 중 5개 석권",http://kr.aving.net/news/view.php?articleId=1587448&Branch_ID=kr&rssid=naver&mn_name=news
357,'테슬라-BMW-아우디'도 뛰어들었다...'라이브커머스' 도대체 뭐길래,https://www.techm.kr/news/articleView.html?idxno=80124
358,"[시승기] 아우디 뉴Q3, 온·오프 활주 'SUV 젠틀맨'",http://www.moneyweek.co.kr/news/mwView.php?type=1&no=2014091122318085002&outlink=1
359,"아우디코리아, Q3 스마트키 감도 저하 “법적 문제없어”",http://car.donga.com/3/all/20150612/71834881/2
360,[포토]프리미엄 컴팩트 SUV '뉴 아우디 Q3' 뒤태,http://www.edaily.co.kr/news/newspath.asp?newsid=02191046609366624
361,"BMW X1. 아우디 Q3와 맞붙을 컴팩트 크로스오버 렉서스 UX, 내년 초 한국 상륙",http://www.autodaily.co.kr/news/articleView.html?idxno=406326
362,<시승기-아우디 Q3 2000CC TDI 디젤> 작지만 강한 소형 SUV...젊은 남녀 데이트카로 제격,http://biz.heraldcorp.com/view.php?ud=20150119000718
363,"아우디, 콤팩트 SUV Q3·RS Q3 페이스리프트 모델 발표",http://www.it.co.kr/news/mediaitNewsView.php?nSeq=2780048
364,"아우디, ‘아우토니스 2020’ 어워드 5관왕 달성",http://sports.hankooki.com/lpage/economy/202010/sp20201027122239136990.htm?s_ref=nv
365,"출력과 연비를 개선한 신형 크로스오버,'아우디 Q3' 발표",http://www.kbench.com/?q=node/141826
366,"아우디, 독일 '아우토니스 2020' 어워드서 10개 부문 중 5개 석권",http://kr.aving.net/news/view.php?articleId=1587448&Branch_ID=kr&rssid=naver&mn_name=news
367,'테슬라-BMW-아우디'도 뛰어들었다...'라이브커머스' 도대체 뭐길래,https://www.techm.kr/news/articleView.html?idxno=80124
368,"[시승기] 아우디 뉴Q3, 온·오프 활주 'SUV 젠틀맨'",http://www.moneyweek.co.kr/news/mwView.php?type=1&no=2014091122318085002&outlink=1
369,"아우디코리아, Q3 스마트키 감도 저하 “법적 문제없어”",http://car.donga.com/3/all/20150612/71834881/2
370,"아우디, 독일 '아우토니스 2020' 어워드서 10개 부문 중 5개 석권",http://kr.aving.net/news/view.php?articleId=1587448&Branch_ID=kr&rssid=naver&mn_name=news
371,'테슬라-BMW-아우디'도 뛰어들었다...'라이브커머스' 도대체 뭐길래,https://www.techm.kr/news/articleView.html?idxno=80124
372,"[시승기] 아우디 뉴Q3, 온·오프 활주 'SUV 젠틀맨'",http://www.moneyweek.co.kr/news/mwView.php?type=1&no=2014091122318085002&outlink=1
373,"아우디코리아, Q3 스마트키 감도 저하 “법적 문제없어”",http://car.donga.com/3/all/20150612/71834881/2
374,"중국 AQSIQ, 이치폭스바겐 '아우디 Q3' 리콜…브레이크 소프트웨어 오류",http://www.g-enews.com/ko-kr/news/article/news_all/201707071801266095d6eb469fd3_1/article.html
375,"아우디A4-Q3-포드 익스플로러 등 25개 차종 1만 2,779대 리콜",http://www.sisafocus.co.kr/news/articleView.html?idxno=171343
376,아우디 신형 'Q3' 美 판매가 공개…3만3425달러부터,http://www.mt.co.kr/view/mtview.php?type=1&no=2014080417532570089&outlink=1
377,"수입차 SUV 공세… 아우디, ‘뉴 Q3’ 출시",http://www.etoday.co.kr/news/section/newsview.php?idxno=1121105
378,"쿠페 스타일 SUV 아우디 Q3, 카메라에 포착",http://it.chosun.com/news/article.html?no=2838672
379,"[시승기] 작지만 클래식 윤곽이 매력적인 아우디 A4, 주행 성능·승차감 '만족'",http://www.consumernews.co.kr/news/articleView.html?idxno=618880
380,'테슬라-BMW-아우디'도 뛰어들었다...'라이브커머스' 도대체 뭐길래,https://www.techm.kr/news/articleView.html?idxno=80124
381,"아우디, 콤팩트 SUV Q3·RS Q3 페이스리프트 모델 발표",http://www.it.co.kr/news/mediaitNewsView.php?nSeq=2780048
382,"출력과 연비를 개선한 신형 크로스오버,'아우디 Q3' 발표",http://www.kbench.com/?q=node/141826
383,"[시승기] 작지만 클래식 윤곽이 매력적인 아우디 A4, 주행 성능·승차감 '만족'",http://www.consumernews.co.kr/news/articleView.html?idxno=618880
384,"[시승기] 아우디 뉴Q3, 온·오프 활주 'SUV 젠틀맨'",http://www.moneyweek.co.kr/news/mwView.php?type=1&no=2014091122318085002&outlink=1
385,"아우디코리아, Q3 스마트키 감도 저하 “법적 문제없어”",http://car.donga.com/3/all/20150612/71834881/2
386,"중국 AQSIQ, 이치폭스바겐 '아우디 Q3' 리콜…브레이크 소프트웨어 오류",http://www.g-enews.com/ko-kr/news/article/news_all/201707071801266095d6eb469fd3_1/article.html
387,"아우디A4-Q3-포드 익스플로러 등 25개 차종 1만 2,779대 리콜",http://www.sisafocus.co.kr/news/articleView.html?idxno=171343
388,아우디 신형 'Q3' 美 판매가 공개…3만3425달러부터,http://www.mt.co.kr/view/mtview.php?type=1&no=2014080417532570089&outlink=1
389,"수입차 SUV 공세… 아우디, ‘뉴 Q3’ 출시",http://www.etoday.co.kr/news/section/newsview.php?idxno=1121105
390,"수입차 SUV 공세… 아우디, ‘뉴 Q3’ 출시",http://www.etoday.co.kr/news/section/newsview.php?idxno=1121105
391,"쿠페 스타일 SUV 아우디 Q3, 카메라에 포착",http://it.chosun.com/news/article.html?no=2838672
392,소형SUV도 프리미엄… 코세어·Q3 통할까,http://moneys.mt.co.kr/news/mwView.php?no=2020052017228067759
393,"아우디, 지난해 사상 최대 실적 달성… 전기차 판매 57.5% 급증",https://www.donga.com/news/article/all/20220318/112401297/2
394,"아우디폭스바겐, Q3·Q5·골프 1.6 등 배출가스 조작차량 리콜",http://www.queen.co.kr/news/articleView.html?idxno=220793
395,"'배출가스 조작' 아우디 Q3·Q5, 폭스바겐 골프 리콜 조치",http://www.nocutnews.co.kr/news/4944339
396,[NW포토]‘뉴 아우디 Q3’ 실내 인테리어...감성 품질 돋보여,http://www.newsway.co.kr/view.php?tp=1&ud=2015050711160293062
397,"아우디코리아, 뉴 아우디 Q3 출시",http://www.wowtv.co.kr/newscenter/news/view.asp?bcode=T30001000&artid=A201505070391
398,"아우디, 얼굴과 엔진 바꾼 '뉴 아우디 Q3' 국내 출시",http://www.greenpostkorea.co.kr/news/article.html?no=47911
399,"아우디 파이낸셜 서비스 ""인기 SUV Q3 / Q5 스페셜 리스 프로모션""",http://sports.hankooki.com/lpage/economy/201604/sp20160413132837136980.htm
400,"쿠페 스타일 SUV 아우디 Q3, 카메라에 포착",http://it.chosun.com/news/article.html?no=2838672
401,소형SUV도 프리미엄… 코세어·Q3 통할까,http://moneys.mt.co.kr/news/mwView.php?no=2020052017228067759
402,"아우디, 지난해 사상 최대 실적 달성… 전기차 판매 57.5% 급증",https://www.donga.com/news/article/all/20220318/112401297/2
403,"아우디폭스바겐, Q3·Q5·골프 1.6 등 배출가스 조작차량 리콜",http://www.queen.co.kr/news/articleView.html?idxno=220793
404,"'배출가스 조작' 아우디 Q3·Q5, 폭스바겐 골프 리콜 조치",http://www.nocutnews.co.kr/news/4944339
405,[NW포토]‘뉴 아우디 Q3’ 실내 인테리어...감성 품질 돋보여,http://www.newsway.co.kr/view.php?tp=1&ud=2015050711160293062
406,"아우디코리아, 뉴 아우디 Q3 출시",http://www.wowtv.co.kr/newscenter/news/view.asp?bcode=T30001000&artid=A201505070391
407,"아우디, 얼굴과 엔진 바꾼 '뉴 아우디 Q3' 국내 출시",http://www.greenpostkorea.co.kr/news/article.html?no=47911
408,"아우디 파이낸셜 서비스 ""인기 SUV Q3 / Q5 스페셜 리스 프로모션""",http://sports.hankooki.com/lpage/economy/201604/sp20160413132837136980.htm
409,"아우디 파이낸셜 서비스, Q3·Q5·SQ5 스페셜 리스 프로모션 실시",http://car.donga.com/3/all/20160412/77540126/1
410,"아우디 파이낸셜 서비스 ""인기 SUV Q3 / Q5 스페셜 리스 프로모션""",http://sports.hankooki.com/lpage/economy/201604/sp20160413132837136980.htm
411,"아우디 파이낸셜 서비스, Q3·Q5·SQ5 스페셜 리스 프로모션 실시",http://car.donga.com/3/all/20160412/77540126/1
412,"아우디, 지난해 사상 최대 영업이익 달성... 'A6 아반트 e-트론 콘셉트' 최초 공개",http://kr.aving.net/news/view.php?articleId=1691832&Branch_ID=kr&rssid=naver&mn_name=news
413,"[포토] 아우디, 소형 SUV 'Q2'.고성능 'S4아반트'.'RS Q3퍼포먼스'",http://www.ebn.co.kr/news/view/819006
414,"<2014 신차돋보기> 아우디, 100대 한정판 ‘Q3 리미티드 에디션’",http://www.ajunews.com/kor/view.jsp?newsId=20130917000587
415,"아우디, Q3 리미티드 에디션 출시...140마력 모델도 선보여",http://biz.heraldcorp.com/view.php?ud=20130826000558
416,아우디 프리미엄 콤팩트 SUV ‘Q3 리미티드 에디션’ 선보여,http://www.fnnews.com/view?ra=Sent0601m_01A&corp=fnnews&arcid=201308270338395003839500&cDateYear=2013&cDateMonth=08&cDateDay=27&
417,아우디 'Q3 오프로드 에디션' 한정 판매.. 5250만~5360만원,http://www.edaily.co.kr/news/newspath.asp?newsid=01603926602911256
418,"아우디, 獨 ‘아우토니스 2020’ 어워드 5개 부문 수상",http://www.newsway.co.kr/news/view?tp=1&ud=2020102708252667781
419,"""코세어? Q3?""… 살 만한 수입 소형SUV 많아진다",http://moneys.mt.co.kr/news/mwView.php?no=2020042816378024174
420,아우디 'Q3 오프로드 에디션' 한정 판매.. 5250만~5360만원,http://www.edaily.co.kr/news/newspath.asp?newsid=01603926602911256
421,"""코세어? Q3?""… 살 만한 수입 소형SUV 많아진다",http://moneys.mt.co.kr/news/mwView.php?no=2020042816378024174
422,"신형 아우디 Q3, 美 판매가격 3454만 원부터",http://car.donga.com/3/all/20140804/65579392/1
423,Q3ㆍ캡처ㆍ코세어까지…올 상반기 소형 SUV 대전,https://view.asiae.co.kr/article/2020052312073241273
424,[수입차의 질주]4색 매력의 '작은거인'…아우디 뉴 Q3,http://www.newsis.com/ar_detail/view.html?ar_id=NISX20150517_0013667628&cID=10414&pID=10400
425,[포토]새로운 디자인과 향상된 성능 '뉴 아우디 Q3',http://autotimes.hankyung.com/apps/news.sub_view?popup=0&nid=03&c1=03&c2=03&c3=00&nkey=201411131345451
426,"[카&라이프] 뉴 아우디 Q3 ""디젤엔진 2리터급의 ‘ 끝판왕’""",http://magazine.hankyung.com/business/apps/news?popup=0&nid=01&c1=1003&nkey=2012091400876000381&mode=sub_view
427,"아우디 'Q3', 뒷좌석·트렁크 좁아 ""SUV 아니라 해치백 아냐""",http://www.hankyung.com/news/app/newsview.php?aid=2012090701411
428,[내 스타일에 꼭 맞는 수입차] 아우디 '뉴 Q3',https://news.naver.com/main/read.naver?mode=LSD&mid=sec&sid1=101&oid=011&aid=0002255613
429,"프리미엄 컴팩트 크로스오버, 아우디 Q3 시승기",http://www.etnews.com/news/home_mobile/automobile/2613686_1485.html
430,"아우디, 오프로드 전용 'Q3' 100대 한정판매",http://sbscnbc.sbs.co.kr/read.jsp?pmArticleId=10000588265
431,"아우디, 獨 ‘아우토니스 2020’ 어워드 5개 부문 수상",http://www.newsway.co.kr/news/view?tp=1&ud=2020102708252667781
432,"""코세어? Q3?""… 살 만한 수입 소형SUV 많아진다",http://moneys.mt.co.kr/news/mwView.php?no=2020042816378024174
433,"신형 아우디 Q3, 美 판매가격 3454만 원부터",http://car.donga.com/3/all/20140804/65579392/1
434,Q3ㆍ캡처ㆍ코세어까지…올 상반기 소형 SUV 대전,https://view.asiae.co.kr/article/2020052312073241273
435,[수입차의 질주]4색 매력의 '작은거인'…아우디 뉴 Q3,http://www.newsis.com/ar_detail/view.html?ar_id=NISX20150517_0013667628&cID=10414&pID=10400
436,[포토]새로운 디자인과 향상된 성능 '뉴 아우디 Q3',http://autotimes.hankyung.com/apps/news.sub_view?popup=0&nid=03&c1=03&c2=03&c3=00&nkey=201411131345451
437,"[카&라이프] 뉴 아우디 Q3 ""디젤엔진 2리터급의 ‘ 끝판왕’""",http://magazine.hankyung.com/business/apps/news?popup=0&nid=01&c1=1003&nkey=2012091400876000381&mode=sub_view
438,"아우디 'Q3', 뒷좌석·트렁크 좁아 ""SUV 아니라 해치백 아냐""",http://www.hankyung.com/news/app/newsview.php?aid=2012090701411
439,[내 스타일에 꼭 맞는 수입차] 아우디 '뉴 Q3',https://news.naver.com/main/read.naver?mode=LSD&mid=sec&sid1=101&oid=011&aid=0002255613
440,"""코세어? Q3?""… 살 만한 수입 소형SUV 많아진다",http://moneys.mt.co.kr/news/mwView.php?no=2020042816378024174
441,"신형 아우디 Q3, 美 판매가격 3454만 원부터",http://car.donga.com/3/all/20140804/65579392/1
442,Q3ㆍ캡처ㆍ코세어까지…올 상반기 소형 SUV 대전,https://view.asiae.co.kr/article/2020052312073241273
443,[수입차의 질주]4색 매력의 '작은거인'…아우디 뉴 Q3,http://www.newsis.com/ar_detail/view.html?ar_id=NISX20150517_0013667628&cID=10414&pID=10400
444,[포토]새로운 디자인과 향상된 성능 '뉴 아우디 Q3',http://autotimes.hankyung.com/apps/news.sub_view?popup=0&nid=03&c1=03&c2=03&c3=00&nkey=201411131345451
445,"[카&라이프] 뉴 아우디 Q3 ""디젤엔진 2리터급의 ‘ 끝판왕’""",http://magazine.hankyung.com/business/apps/news?popup=0&nid=01&c1=1003&nkey=2012091400876000381&mode=sub_view
446,"아우디 'Q3', 뒷좌석·트렁크 좁아 ""SUV 아니라 해치백 아냐""",http://www.hankyung.com/news/app/newsview.php?aid=2012090701411
447,[내 스타일에 꼭 맞는 수입차] 아우디 '뉴 Q3',https://news.naver.com/main/read.naver?mode=LSD&mid=sec&sid1=101&oid=011&aid=0002255613
448,"프리미엄 컴팩트 크로스오버, 아우디 Q3 시승기",http://www.etnews.com/news/home_mobile/automobile/2613686_1485.html
449,[CAR/시승기]쿠페형 SUV를 향해 차별화… 아우디 ‘Q3’,http://news.donga.com/3/all/20120620/47165338/1
450,"[시승기]뉴 아우디 Q3, 깜찍한 외모에 폭발적인 가속력",http://www.edaily.co.kr/news/newspath.asp?newsid=01079126599562376
451,"아우디, 2015년형 Q3 美디트로이트모터쇼에서 공개",http://economy.donga.com/3/all/20140110/60092667/2
452,"[CAR]아우디 DNA에 쿠페형 스타일… 다목적 SUV, 아우디 ‘뉴Q3’",http://news.donga.com/3/all/20120523/46457338/1
453,[부산모터쇼]컴팩트SUV 아우디 '뉴 Q3' 공개,http://www.asiae.co.kr/news/view.htm?idxno=2012052408291617364
454,아우디코리아 '뉴 아우디 Q3' 선봬,http://sportsworldi.segye.com/Articles/LeisureLife/Article.asp?aid=20120522002815
455,아우디 뉴 Q3... 이 정도면 BMW 독주 막겠는데,http://www.ohmynews.com/NWS_Web/view/at_pg.aspx?CNTN_CD=A0001734876
456,트레버 힐 아우디코리아 사장 “Q3로 BMW X1과 경쟁”,http://www.newspim.com/common/redirect.jsp?newsId=20120521000201
457,[포토엔]뉴 아우디 Q3 ‘고급스러운 실내디자인’,http://www.newsen.com/news_view.php?uid=201205211131382620
458,"[시승]소형 SUV의 집념, 아우디 Q3 2.0ℓ TFSI",http://autotimes.hankyung.com/apps/news.sub_view?popup=0&nid=08&c1=08&c2=08&c3=00&nkey=201205192314181
459,"오늘 출시, 아우디 Q3 '5470만원' 확정",http://www.mt.co.kr/view/mtview.php?type=1&no=2012052015211893460&outlink=1
460,컴팩트 SUV ‘뉴 아우디 Q3’ 국내 첫 선,http://news.mk.co.kr/news_forward.php?domain=news&no=308789&year=2012
461,"성능, 편의성 더한 아우디 콤팩트 SUV 뉴 Q3 출시",http://sports.chosun.com/news/ntype.htm?id=201205210100176420013191&servicedate=20120521
462,[포토엔]뉴 아우디 Q3 ‘넓은 실내공간’,http://www.newsen.com/news_view.php?uid=201205211138012620
463,"[시승]소형 SUV의 집념, 아우디 Q3 2.0ℓ TFSI",http://autotimes.hankyung.com/apps/news.sub_view?popup=0&nid=08&c1=08&c2=08&c3=00&nkey=201205192314181
464,"오늘 출시, 아우디 Q3 '5470만원' 확정",http://www.mt.co.kr/view/mtview.php?type=1&no=2012052015211893460&outlink=1
465,강해진 2015년형 아우디 `RS Q3` 공개,http://www.gpkorea.com/bbs/board.php?bo_table=today_photo&wr_id=1641
466,"아우디, 제로백 5.2초 성능 갖춘 'RS Q3 콘셉트' 베이징모터쇼서 공개",http://kr.aving.net/news/view.php?articleId=245290&Branch_ID=kr&rssid=naver&mn_name=news
467,[포토]아우디 `Q3 Jinlong Yufeng` 실내 세부 인테리어,http://www.edaily.co.kr/news/newspath.asp?newsid=01174246599500056
468,아우디 고성능 SUV ‘RS Q3 컨셉트’베이징서 공개,http://www.segye.com/Articles/Car/MotorShow/Article.asp?aid=20120418022434&subctg1=&subctg2=
469,"아우디 Q3, 고급 소형 SUV 지존 노린다",http://autotimes.hankyung.com/apps/news.sub_view?popup=0&nid=03&c1=03&c2=03&c3=00&nkey=201204020616191
470,[포토엔]뉴 아우디 Q3 ‘편안한 운전을 돕는 인테리어’,http://www.newsen.com/news_view.php?uid=201205211144192620
471,아우디 SUV '뉴 Q3' 출시,http://www.asiae.co.kr/news/view.htm?idxno=2012052109270138383
472,"[시승]소형 SUV의 집념, 아우디 Q3 2.0ℓ TFSI",http://autotimes.hankyung.com/apps/news.sub_view?popup=0&nid=08&c1=08&c2=08&c3=00&nkey=201205192314181
473,"[포토] 아우디, 프리미엄 컴팩트 SUV '뉴 아우디 Q3' 신차발표회",http://www.segye.com/Articles/Car/NewCar/Article.asp?aid=20120521021164&subctg1=&subctg2=
474,"오늘 출시, 아우디 Q3 '5470만원' 확정",http://www.mt.co.kr/view/mtview.php?type=1&no=2012052015211893460&outlink=1
475,강해진 2015년형 아우디 `RS Q3` 공개,http://www.gpkorea.com/bbs/board.php?bo_table=today_photo&wr_id=1641
476,"아우디, 제로백 5.2초 성능 갖춘 'RS Q3 콘셉트' 베이징모터쇼서 공개",http://kr.aving.net/news/view.php?articleId=245290&Branch_ID=kr&rssid=naver&mn_name=news
477,[포토]아우디 `Q3 Jinlong Yufeng` 실내 세부 인테리어,http://www.edaily.co.kr/news/newspath.asp?newsid=01174246599500056
478,아우디 고성능 SUV ‘RS Q3 컨셉트’베이징서 공개,http://www.segye.com/Articles/Car/MotorShow/Article.asp?aid=20120418022434&subctg1=&subctg2=
479,"아우디 Q3, 고급 소형 SUV 지존 노린다",http://autotimes.hankyung.com/apps/news.sub_view?popup=0&nid=03&c1=03&c2=03&c3=00&nkey=201204020616191
480,"""BMW X1 한판 붙자""…아우디 Q3 한국 첫선",http://www.hankyung.com/news/app/newsview.php?aid=201205216406g
481,[포토] 아우디 `뉴 Q3`와 다이내믹한 드라이빙,http://www.edaily.co.kr/news/newspath.asp?newsid=01902406599531216
482,"[포토] 아우디, 프리미엄 컴팩트 SUV '뉴 아우디 Q3' 신차발표회",http://www.segye.com/Articles/Car/NewCar/Article.asp?aid=20120521021164&subctg1=&subctg2=
483,"[시승]소형 SUV의 집념, 아우디 Q3 2.0ℓ TFSI",http://autotimes.hankyung.com/apps/news.sub_view?popup=0&nid=08&c1=08&c2=08&c3=00&nkey=201205192314181
484,"오늘 출시, 아우디 Q3 '5470만원' 확정",http://www.mt.co.kr/view/mtview.php?type=1&no=2012052015211893460&outlink=1
485,강해진 2015년형 아우디 `RS Q3` 공개,http://www.gpkorea.com/bbs/board.php?bo_table=today_photo&wr_id=1641
486,"아우디, 제로백 5.2초 성능 갖춘 'RS Q3 콘셉트' 베이징모터쇼서 공개",http://kr.aving.net/news/view.php?articleId=245290&Branch_ID=kr&rssid=naver&mn_name=news
487,[포토]아우디 `Q3 Jinlong Yufeng` 실내 세부 인테리어,http://www.edaily.co.kr/news/newspath.asp?newsid=01174246599500056
488,아우디 고성능 SUV ‘RS Q3 컨셉트’베이징서 공개,http://www.segye.com/Articles/Car/MotorShow/Article.asp?aid=20120418022434&subctg1=&subctg2=
489,"아우디 Q3, 고급 소형 SUV 지존 노린다",http://autotimes.hankyung.com/apps/news.sub_view?popup=0&nid=03&c1=03&c2=03&c3=00&nkey=201204020616191
490,"[포토] 아우디, 도심형 특성 강조된 '뉴 아우디 Q3' 출시",http://www.hankyung.com/news/app/newsview.php?aid=2012052169697
491,"[시승]소형 SUV의 집념, 아우디 Q3 2.0ℓ TFSI",http://autotimes.hankyung.com/apps/news.sub_view?popup=0&nid=08&c1=08&c2=08&c3=00&nkey=201205192314181
492,"[포토] 아우디, 프리미엄 컴팩트 SUV '뉴 아우디 Q3' 신차발표회",http://www.segye.com/Articles/Car/NewCar/Article.asp?aid=20120521021164&subctg1=&subctg2=
493,"오늘 출시, 아우디 Q3 '5470만원' 확정",http://www.mt.co.kr/view/mtview.php?type=1&no=2012052015211893460&outlink=1
494,강해진 2015년형 아우디 `RS Q3` 공개,http://www.gpkorea.com/bbs/board.php?bo_table=today_photo&wr_id=1641
495,"아우디, 제로백 5.2초 성능 갖춘 'RS Q3 콘셉트' 베이징모터쇼서 공개",http://kr.aving.net/news/view.php?articleId=245290&Branch_ID=kr&rssid=naver&mn_name=news
496,"아우디, 황금 용 `Q3 Jinlong Yufeng` 공개",http://www.edaily.co.kr/news/newspath.asp?newsid=01161126599500056
497,아우디 고성능 SUV ‘RS Q3 컨셉트’베이징서 공개,http://www.segye.com/Articles/Car/MotorShow/Article.asp?aid=20120418022434&subctg1=&subctg2=
498,"아우디 Q3, 고급 소형 SUV 지존 노린다",http://autotimes.hankyung.com/apps/news.sub_view?popup=0&nid=03&c1=03&c2=03&c3=00&nkey=201204020616191
499,"[CAR]강력한 출력 ‘A6’, 콤팩트 SUV ‘Q3’… 아우디, “5월은 우리가 접수”",http://news.donga.com/3/all/20150521/71389860/1
